
# cluster 1:
# 33 4 36 25 12 37 29 26 

data;

# Número de nós.
param N  := 8;

param HmaxLB := 3001.78;
param gl := 4;
# Matriz de Demandas.
param D :  1  2  3  4  5  6  7  8  :=
1  0 1879.13 1654.41 1674.32 1707.87 1746.87 1709.4 1655.68 
2  1656.4 0 88.3888 87.2911 70.2932 51.0575 18.7254 83.36 
3  1801.85 31.553 0 37.0007 41.7384 91.2822 91.9097 15.414 
4  1504 71.2289 99.4504 0 22.2536 29.9369 75.4026 87.2611 
5  1905.44 21.6624 90.1526 34.9752 0 84.9703 30.8599 84.6998 
6  1670.12 14.0534 73.582 66.3984 24.4176 0 29.9371 97.609 
7  1590.67 86.3759 28.6448 85.7836 21.8154 65.7524 0 54.1505 
8  1904.42 27.5025 80.3483 18.2626 31.4363 93.0007 96.6596 0 
;

# Matriz de Distancias.
param C :  1  2  3  4  5  6  7  8  :=
1  0 46.8165 52.848 74.8256 59.6553 34.0848 65.8068 45.9655 
2  46.8165 0 85.7826 34.4822 12.8446 38.4694 35.9714 21.7892 
3  52.848 85.7826 0 98.1998 97.0403 49.0969 82.01 94.4704 
4  74.8256 34.4822 98.1998 0 27.7047 50.5583 17.6193 54.726 
5  59.6553 12.8446 97.0403 27.7047 0 48.5494 35.461 27.8099 
6  34.0848 38.4694 49.0969 50.5583 48.5494 0 36.5504 52.867 
7  65.8068 35.9714 82.01 17.6193 35.461 36.5504 0 57.7575 
8  45.9655 21.7892 94.4704 54.726 27.8099 52.867 57.7575 0 
;

end;
