
# cluster 4:
# 39 34 31 30 1 15 16 18 10 6 2 17 

data;

# Número de nós.
param N  := 12;

param HmaxLB := 7911.39;
param gl := 2;
# Matriz de Demandas.
param D :  1  2  3  4  5  6  7  8  9  10  11  12  :=
1  0 1568.58 1428.2 1434.05 1279.85 1458.81 1588.82 1580.77 1178.55 1412.57 1460.99 1431.59 
2  1388.45 0 26.518 70.5875 41.9484 92.8335 74.7989 79.6231 1.85924 76.9332 80.4206 3.79561 
3  1575.08 71.3138 0 16.6866 63.7603 32.0952 87.7051 30.7963 68.7764 13.5478 80.5121 94.4979 
4  1583.52 33.7714 11.7918 0 78.4277 34.8851 77.2735 78.5029 66.6177 10.8774 73.2733 14.647 
5  1391.35 88.9926 65.8601 37.3538 0 1.23971 42.1059 8.89116 52.6765 24.2641 31.8657 41.2737 
6  1218.28 83.2841 41.5292 5.69098 33.4035 0 70.1555 18.7757 38.3769 37.7761 65.0186 96.7708 
7  1379.66 55.6997 30.2501 63.3786 14.3833 89.2021 0 88.0895 32.4239 60.0565 34.1396 44.6786 
8  1374.08 58.2612 34.104 6.18551 5.98649 2.58577 83.503 0 48.279 5.248 87.588 93.8142 
9  1318.03 15.9495 35.008 96.6495 80.9893 60.6286 63.4492 11.4223 0 86.7637 55.614 67.6476 
10 1396.93 90.9735 98.2666 81.564 94.8884 98.7619 58.1101 5.13171 76.9569 0 11.113 89.6014 
11 1593.94 50.1948 38.6293 38.3191 35.6999 43.542 33.7295 81.3123 32.2692 6.06216 0 56.1043 
12 1397.03 98.9252 66.8302 30.0487 17.8121 7.41748 48.3677 45.3291 76.2045 20.6348 7.75567 0 
;

# Matriz de Distancias.
param C :  1  2  3  4  5  6  7  8  9  10  11  12  :=
1  0 25.0551 44.8223 70.8714 35.6893 70.7266 53.6837 22.4849 51.8928 57.291 34.5695 33.9673 
2  25.0551 0 46.3004 73.1804 59.9952 69.1372 49.6636 34.6999 55.214 41.0804 10.9182 55.7096 
3  44.8223 46.3004 0 27.1858 70.2117 25.931 12.3953 24.0789 9.02979 35.3084 44.5772 42.5538 
4  70.8714 73.1804 27.1858 0 90.9868 11.2468 25.8829 48.7358 19.0238 51.5732 70.2311 58.8658 
5  35.6893 59.9952 70.2117 90.9868 0 94.6812 81.7042 46.7608 74.1027 91.5118 70.0936 33.4538 
6  70.7266 69.1372 25.931 11.2468 94.6812 0 19.5631 49.7404 20.5887 42.4204 64.6804 64.1331 
7  53.6837 49.6636 12.3953 25.8829 81.7042 19.5631 0 35.0068 15.5359 26.989 45.1823 54.9257 
8  22.4849 34.6999 24.0789 48.7358 46.7608 49.7404 35.0068 0 29.959 47.8057 38.9288 24.9922 
9  51.8928 55.214 9.02979 19.0238 74.1027 20.5887 15.5359 29.959 0 41.8361 53.5924 43.8722 
10 57.291 41.0804 35.3084 51.5732 91.5118 42.4204 26.989 47.8057 41.8361 0 31.7383 72.2794 
11 34.5695 10.9182 44.5772 70.2311 70.0936 64.6804 45.1823 38.9288 53.5924 31.7383 0 62.2462 
12 33.9673 55.7096 42.5538 58.8658 33.4538 64.1331 54.9257 24.9922 43.8722 72.2794 62.2462 0 
;

end;
