 0 40.3675 62.0707 70.8284 22.6817 28.8049 41.3136 31.2785 63.6501 47.5512 88.4829 12.8059 32.5141 16.008 19.6418 39.5984 47.2284 54.506 68.0671 75.394 13.0478 69.4909 17.7178 90.9037 58.1983 74.1984 66.2255 56.713 22.8408 55.3047
 40.3675 0 90.8999 49.5748 19.5501 66.7001 30.9052 53.5653 24.4677 54.5028 85.5637 38.1824 12.101 34.6762 32.5204 6.32095 70.8413 81.4916 94.4749 63.187 37.7328 89.2587 29.1523 83.5619 49.9447 35.9494 34.8682 48.075 61.0972 72.989
 62.0707 90.8999 0 86.3875 80.6795 38.011 67.8477 88.4377 106.147 46.162 69.1804 55.2463 78.9351 57.3476 58.6419 86.4577 21.1612 9.75847 8.03556 76.453 55.543 21.9549 79.2417 77.3341 65.7279 112.476 96.536 65.9824 42.5698 26.7019
 70.8284 49.5748 86.3875 0 62.1565 83.4583 29.5506 96.598 40.3476 40.5356 44.2315 59.8431 44.9303 55.5368 51.593 43.9219 66.3071 77.1534 85.6147 18.4201 59.3988 73.0047 70.8979 38.6242 20.6598 37.8595 20.4846 20.5088 80.2401 60.1518
 22.6817 19.5501 80.6795 62.1565 0 51.0318 35.9436 35.344 43.9886 53.3792 90.734 25.4335 17.3146 23.8622 24.0039 21.2647 62.6728 72.0128 85.5787 72.007 25.1441 83.5884 9.79307 90.7582 56.0856 55.3548 51.6409 54.2673 45.1271 67.7924
 28.8049 66.7001 38.011 83.4583 51.0318 0 55.9233 50.7583 87.7653 47.7038 86.2891 28.9371 56.509 33.1348 36.5146 64.3482 31.7961 33.3856 45.4018 81.591 29.4279 52.3588 46.3887 91.548 65.5129 97.0225 85.2947 64.6902 5.96503 43.1923
 41.3136 30.9052 67.8477 29.5506 35.9436 55.9233 0 68.3823 38.7279 24.9921 55.5813 30.4101 20.8273 26.0316 22.0698 24.6848 46.694 58.0897 69.5737 36.1776 29.9521 61.3635 43.3878 54.9136 20.2495 44.6714 29.9551 18.3995 52.006 45.4488
 31.2785 53.5653 88.4377 96.598 35.344 50.7583 68.3823 0 77.6104 78.6493 119.299 43.8508 52.4324 46.2041 49.1427 56.4362 76.9134 82.4041 95.4082 104.212 44.0127 99.2517 25.8717 121.11 87.3093 89.2839 86.9766 85.6545 45.8687 85.9731
 63.6501 24.4677 106.147 40.3476 43.9886 87.7653 38.7279 77.6104 0 63.3079 83.4058 58.8536 31.5088 54.6442 51.4653 24.0556 85.0917 96.4069 108.237 58.0186 58.3574 99.8591 53.6196 78.7661 50.7967 11.7121 20.0719 49.2471 82.5722 84.1165
 47.5512 54.5028 46.162 40.5356 53.3792 47.7038 24.9921 78.6493 63.3079 0 41.1278 34.814 42.9468 32.7098 30.5142 48.6387 25.7717 36.7315 46.3513 34.2647 34.639 36.5538 57.6263 44.698 20.059 67.8562 50.964 20.0269 46.3143 21.1302
 88.4829 85.5637 69.1804 44.2315 90.734 86.2891 55.5813 119.299 83.4058 41.1278 0 75.6823 76.3962 73.0955 70.3095 79.2474 56.7596 63.1182 64.4574 25.8133 75.4636 48.4337 96.7179 9.62207 35.6447 82.0746 64.3355 37.522 86.0537 45.439
 12.8059 38.1824 55.2463 59.8431 25.4335 28.9371 30.4101 43.8508 58.8536 34.814 75.6823 0 27.5865 4.55247 8.48096 35.451 37.7332 46.6386 60.2409 63.0527 0.505982 59.3881 25.3368 78.1421 45.8452 68.3436 57.8666 44.443 23.7504 44.3001
 32.5141 12.101 78.9351 44.9303 17.3146 56.509 20.8273 52.4324 31.5088 42.9468 76.3962 27.5865 0 23.6236 20.9726 7.90396 58.763 69.4761 82.4008 55.8312 27.1025 77.2331 26.5684 75.3944 40.9087 41.7143 34.9805 39.035 51.1777 60.9662
 16.008 34.6762 57.3476 55.5368 23.8622 33.1348 26.0316 46.2041 54.6442 32.7098 73.0955 4.55247 23.6236 0 3.97821 31.5256 38.8192 48.4011 61.8845 59.3901 4.05561 59.8559 25.5192 75.1117 42.1913 63.9643 53.3164 40.7147 28.1149 44.2889
 19.6418 32.5204 58.6419 51.593 24.0039 36.5146 22.0698 49.1427 51.4653 30.5142 70.3095 8.48096 20.9726 3.97821 0 28.8433 39.3441 49.4402 62.7474 55.8197 7.99595 59.687 27.1278 71.9806 38.6557 60.5087 49.4713 37.1285 31.6954 43.8013
 39.5984 6.32095 86.4577 43.9219 21.2647 64.3482 24.6848 56.4362 24.0556 48.6387 79.2474 35.451 7.90396 31.5256 28.8433 0 66.0563 76.9255 89.6851 57.0235 34.9708 83.8415 31.0467 77.3161 43.6248 34.7819 30.6941 41.7546 58.9628 67.5859
 47.2284 70.8413 21.1612 66.3071 62.6728 31.7961 46.694 76.9134 85.0917 25.7717 56.7596 37.7332 58.763 38.8192 39.3441 66.0563 0 11.4113 23.6394 58.39 37.9154 22.3602 62.9361 63.3929 45.7725 91.3148 75.4718 45.7983 33.6625 11.6707
 54.506 81.4916 9.75847 77.1534 72.0128 33.3856 58.0897 82.4041 96.4069 36.7315 63.1182 46.6386 69.4761 48.4011 49.4402 76.9255 11.4113 0 13.6378 68.0591 46.8974 19.7689 71.2221 70.686 56.5184 102.723 86.8497 56.6784 36.9876 18.5127
 68.0671 94.4749 8.03556 85.6147 85.5787 45.4018 69.5737 95.4082 108.237 46.3513 64.4574 60.2409 82.4008 61.8845 62.7474 89.6851 23.6394 13.6378 0 74.2089 60.4911 16.0934 84.8566 73.0545 65.0646 113.848 97.2886 65.5444 49.6389 25.5216
 75.394 63.187 76.453 18.4201 72.007 81.591 36.1776 104.212 58.0186 34.2647 25.8133 63.0527 55.8312 59.3901 55.8197 57.0235 58.39 68.0591 74.2089 0 62.6988 59.9402 79.542 20.8968 17.2098 56.2635 38.6157 18.6914 79.5845 49.7768
 13.0478 37.7328 55.543 59.3988 25.1441 29.4279 29.9521 44.0127 58.3574 34.639 75.4636 0.505982 27.1025 4.05561 7.99595 34.9708 37.9154 46.8974 60.4911 62.6988 0 59.5124 25.2268 77.8698 45.4898 67.8396 57.3663 44.0778 24.2518 44.3663
 69.4909 89.2587 21.9549 73.0047 83.5884 52.3588 61.3635 99.2517 99.8591 36.5538 48.4337 59.3881 77.2331 59.8559 59.687 83.8415 22.3602 19.7689 16.0934 59.9402 59.5124 0 84.7228 57.1732 53.0127 104.144 86.7744 53.8167 55.1948 16.2697
 17.7178 29.1523 79.2417 70.8979 9.79307 46.3887 43.3878 25.8717 53.6196 57.6263 96.7179 25.3368 26.5684 25.5192 27.1278 31.0467 62.9361 71.2221 84.8566 79.542 25.2268 84.7228 0 97.5036 63.0577 65.0616 61.2849 61.3072 40.4302 69.5506
 90.9037 83.5619 77.3341 38.6242 90.7582 91.548 54.9136 121.11 78.7661 44.698 9.62207 78.1421 75.3944 75.1117 71.9806 77.3161 63.3929 70.686 73.0545 20.8968 77.8698 57.1732 97.5036 0 34.6819 76.2701 59.0959 36.5177 90.7608 52.5134
 58.1983 49.9447 65.7279 20.6598 56.0856 65.5129 20.2495 87.3093 50.7967 20.059 35.6447 45.8452 40.9087 42.1913 38.6557 43.6248 45.7725 56.5184 65.0646 17.2098 45.4898 53.0127 63.0577 34.6819 0 52.5567 34.533 1.87964 63.0822 39.5599
 74.1984 35.9494 112.476 37.8595 55.3548 97.0225 44.6714 89.2839 11.7121 67.8562 82.0746 68.3436 41.7143 63.9643 60.5087 34.7819 91.3148 102.723 113.848 56.2635 67.8396 104.144 65.0616 76.2701 52.5567 0 18.1877 51.2867 92.0745 88.9755
 66.2255 34.8682 96.536 20.4846 51.6409 85.2947 29.9551 86.9766 20.0719 50.964 64.3355 57.8666 34.9805 53.3164 49.4713 30.6941 75.4718 86.8497 97.2886 38.6157 57.3663 86.7744 61.2849 59.0959 34.533 18.1877 0 33.3563 80.9398 72.0488
 56.713 48.075 65.9824 20.5088 54.2673 64.6902 18.3995 85.6545 49.2471 20.0269 37.522 44.443 39.035 40.7147 37.1285 41.7546 45.7983 56.6784 65.5444 18.6914 44.0778 53.8167 61.3072 36.5177 1.87964 51.2867 33.3563 0 62.1192 40.0229
 22.8408 61.0972 42.5698 80.2401 45.1271 5.96503 52.006 45.8687 82.5722 46.3143 86.0537 23.7504 51.1777 28.1149 31.6954 58.9628 33.6625 36.9876 49.6389 79.5845 24.2518 55.1948 40.4302 90.7608 63.0822 92.0745 80.9398 62.1192 0 44.5474
 55.3047 72.989 26.7019 60.1518 67.7924 43.1923 45.4488 85.9731 84.1165 21.1302 45.439 44.3001 60.9662 44.2889 43.8013 67.5859 11.6707 18.5127 25.5216 49.7768 44.3663 16.2697 69.5506 52.5134 39.5599 88.9755 72.0488 40.0229 44.5474 0
